$ANSIBLE_VAULT;1.1;AES256
61653439666263626239343037396335333936373835353930366335303233356364343338386462
3163336338373163613137373833316335633564646233300a313564313332306538626461646364
66306135303233616136396162383664653735663033643239383036633935393832626132303865
6635363938616330300a373835313237336666626366323664623437653964353336353133316466
36356163333531346365346464393235316432343365326461313166643864666331386235653231
62613938326438636562343831323232653563373863613933396630643739666339366131623061
39353963383434646237616133666462386364646536393133383530343262383064393562643666
37636132323630353462666137626134663464376230343538653437393265343665636666396233
33613764326366323566313764353239336430363762396230313063643239666136303964346162
61376231383863323530643739643138626666656130376530306238353739616239363939636233
39303538373231306535316365626139373265313064663236616233396434316532653335636662
35383161663563323562643433303165653331616235353563306634323035333061343038643365
32316361373530396534643536663566366634653039363432623166306139643139
